149,340,633,3626
174,332,669,4311
136,392,692,2222
163,313,694,3475
173,337,619,2638
190,373,641,4982
134,329,619,1240
108,364,616,4188
139,341,700,4672
182,334,624,2544
174,388,685,2441
136,307,693,2440
158,391,629,4126
156,316,696,4323
100,336,664,1209
187,306,648,2143
152,305,683,2831
125,304,655,1280
105,389,666,4233
180,354,638,2700
122,352,690,4623
178,351,691,2069
122,390,624,1361
135,305,681,4931
188,382,697,4650
173,370,690,3422
108,317,662,4879
162,363,663,2813
129,354,607,1354
108,396,636,1322
106,369,632,4433
171,340,600,2071
107,387,662,1436
128,343,639,4034
180,334,629,1982
106,327,655,3807
175,380,667,1642
167,371,658,4126
138,313,673,4010
192,385,626,1223
100,319,612,1726
152,329,630,2796
104,397,680,1616
128,386,644,4275
175,353,669,2409
121,338,635,1788
161,327,643,3629
194,357,663,2601
190,355,609,1992
165,313,659,2195
183,304,696,4966
110,305,661,3594
109,382,604,1441
154,304,673,1829
177,353,641,1484
152,336,670,2180
182,301,646,1510
162,302,648,1483
152,328,631,4569
183,342,604,4509
121,303,691,2466
200,301,635,3856
117,384,667,2177
195,334,638,4640
174,347,609,4800
147,355,667,2748
174,307,637,4934
135,322,650,2704
102,311,647,2729
104,314,692,2426
167,379,645,1064
132,384,669,4894
170,324,619,1091
188,351,658,2836
106,399,604,2727
152,310,631,3182
149,383,678,4637
189,340,639,3726
113,336,674,1843
163,301,650,2823
190,311,614,1903
119,347,668,2112
127,317,657,3080
149,328,685,1972
146,300,694,1911
143,321,655,1568
198,353,641,3134
180,352,694,1890
148,315,650,3696
120,356,645,4056
196,363,662,1898
150,364,635,3913
110,305,604,1414
169,358,634,3837
144,308,663,2979
184,333,649,3420
161,347,611,3985
145,349,662,3827
